2 0.057861328125 0.5933884297520661 0.04833984375 0.10495867768595041
2 0.146728515625 0.5570247933884298 0.04638671875 0.10578512396694215
2 0.10400390625 0.4925619834710744 0.04296875 0.0743801652892562
2 0.219482421875 0.5082644628099173 0.04638671875 0.1024793388429752
2 0.364501953125 0.4991735537190083 0.02392578125 0.06694214876033058
2 0.416748046875 0.4549586776859504 0.03173828125 0.05206611570247934
2 0.508544921875 0.4351239669421488 0.03271484375 0.06776859504132231
2 0.6103515625 0.4206611570247934 0.033203125 0.05867768595041322
2 0.670166015625 0.41198347107438016 0.03955078125 0.0859504132231405
2 0.736328125 0.40206611570247935 0.03564453125 0.05619834710743802
2 0.813232421875 0.3851239669421488 0.03564453125 0.0884297520661157
2 0.762451171875 0.343801652892562 0.04052734375 0.05702479338842975
2 0.8896484375 0.3913223140495868 0.0390625 0.07190082644628099
2 0.951416015625 0.3760330578512397 0.04345703125 0.08429752066115702
1 0.33056640625 0.6966942148760331 0.03564453125 0.08016528925619834
1 0.40185546875 0.6913223140495868 0.04052734375 0.08264462809917356
1 0.5009765625 0.6863636363636364 0.03857421875 0.10495867768595041
1 0.57666015625 0.6260330578512396 0.04296875 0.1231404958677686
1 0.655517578125 0.5971074380165289 0.04541015625 0.1
1 0.72802734375 0.5739669421487603 0.04443359375 0.11735537190082644
