2 0.12083333333333333 0.821604938271605 0.24166666666666667 0.3567901234567901
1 0.7458333333333333 0.4339506172839506 0.049074074074074076 0.0728395061728395
1 0.5203703703703704 0.4012345679012346 0.03888888888888889 0.07901234567901234
1 0.4236111111111111 0.3790123456790123 0.041666666666666664 0.04938271604938271
1 0.3337962962962963 0.37592592592592594 0.04351851851851852 0.06790123456790123
1 0.30462962962962964 0.304320987654321 0.027777777777777776 0.050617283950617285
1 0.8708333333333333 0.387037037037037 0.026851851851851852 0.07037037037037037
1 0.7898148148148149 0.3549382716049383 0.02962962962962963 0.0654320987654321
1 0.6453703703703704 0.30679012345679013 0.024074074074074074 0.05555555555555555
1 0.4736111111111111 0.27037037037037037 0.01574074074074074 0.03950617283950617
