0 0.923583984375 0.5044319097502015 0.05029296875 0.08460918614020951
0 0.841796875 0.48670427074939565 0.0478515625 0.08460918614020951
0 0.764892578125 0.49556809024979853 0.01318359375 0.06688154713940371
1 0.735595703125 0.4806607574536664 0.0244140625 0.0749395648670427
1 0.684326171875 0.4895245769540693 0.02783203125 0.08460918614020951
1 0.6318359375 0.49073327961321517 0.02685546875 0.09508460918614021
1 0.57177734375 0.4693795326349718 0.015625 0.0547945205479452
1 0.470458984375 0.4665592264302981 0.02783203125 0.09024979854955681
1 0.382568359375 0.47622884770346496 0.02587890625 0.07655116841257051
1 0.242431640625 0.500402900886382 0.01806640625 0.08702659145850121
1 0.125 0.5136986301369864 0.02197265625 0.052377115229653506
0 0.328857421875 0.5862207896857373 0.02587890625 0.07655116841257051
