1 0.06656738281249996 0.5085494505494506 0.045571289062499964 0.13797069597069592
1 0.13777832031250004 0.5103809523809524 0.030112304687500036 0.10989010989010989
1 0.19270996093750004 0.5232014652014652 0.037436523437500036 0.09401465201465196
1 0.27571777343750004 0.4627619047619047 0.035805664062499964 0.10500366300366296
1 0.31925292968749996 0.48107692307692307 0.028481445312499964 0.10012454212454218
1 0.31925292968749996 0.6611721611721612 0.030112304687500036 0.09401465201465196
1 0.36808105468749996 0.6117216117216118 0.033364257812499964 0.09767765567765563
1 0.5377587890625 0.637970695970696 0.035805664062499964 0.09646153846153852
1 0.5987939453125 0.644080586080586 0.035805664062499964 0.09401465201465196
1 0.8201513671875 0.5842490842490843 0.022788085937500036 0.09157509157509157
