2 0.053125 0.7149122807017544 0.04097222222222222 0.09398496240601503
2 0.16770833333333332 0.6979949874686717 0.034027777777777775 0.07268170426065163
2 0.27152777777777776 0.6829573934837093 0.03888888888888889 0.11027568922305764
2 0.36909722222222224 0.6911027568922306 0.035416666666666666 0.11403508771929824
2 0.4875 0.7330827067669173 0.04027777777777778 0.040100250626566414
2 0.6451388888888889 0.7124060150375939 0.034722222222222224 0.09649122807017543
2 0.7704861111111111 0.7130325814536341 0.02847222222222222 0.07268170426065163
0 0.925 0.7211779448621554 0.05416666666666667 0.11152882205513784
1 0.32256944444444446 0.6115288220551378 0.03125 0.08521303258145363
1 0.4 0.593358395989975 0.016666666666666666 0.06641604010025062
1 0.8180555555555555 0.6322055137844611 0.034722222222222224 0.05889724310776942
