1 0.9334326171875 0.5085494505494506 0.045571289062499964 0.13797069597069592
1 0.8622216796875 0.5103809523809524 0.030112304687500036 0.10989010989010989
1 0.8072900390625 0.5232014652014652 0.037436523437500036 0.09401465201465196
1 0.7242822265625 0.4627619047619047 0.035805664062499964 0.10500366300366296
1 0.6807470703125 0.48107692307692307 0.028481445312499964 0.10012454212454218
1 0.6807470703125 0.6611721611721612 0.030112304687500036 0.09401465201465196
1 0.6319189453125 0.6117216117216118 0.033364257812499964 0.09767765567765563
1 0.4622412109375 0.637970695970696 0.035805664062499964 0.09646153846153852
1 0.4012060546875 0.644080586080586 0.035805664062499964 0.09401465201465196
1 0.1798486328125 0.5842490842490843 0.02278808593749998 0.09157509157509157
