1 0.930419921875 0.5765567765567765 0.05517578125 0.1443223443223443
1 0.859619140625 0.567032967032967 0.03759765625 0.11428571428571428
1 0.803955078125 0.5714285714285714 0.0439453125 0.09963369963369964
1 0.7255859375 0.4981684981684982 0.04296875 0.10989010989010989
1 0.68115234375 0.5095238095238095 0.03515625 0.10402930402930403
1 0.66845703125 0.6886446886446886 0.03662109375 0.09816849816849817
1 0.623291015625 0.6318681318681318 0.0400390625 0.10256410256410256
1 0.452880859375 0.6311355311355311 0.04248046875 0.10183150183150183
1 0.3916015625 0.6278388278388278 0.0419921875 0.0989010989010989
1 0.17578125 0.5336996336996337 0.02880859375 0.0945054945054945
