2 0.05475585937500001 0.47520661157024796 0.03976074218750001 0.09562809917355375
2 0.1457861328125 0.4628099173553719 0.03766601562499999 0.09680991735537194
2 0.10951660156250001 0.3878429752066116 0.03766601562500001 0.0649338842975207
2 0.22216796875 0.43388429752066116 0.03836425781249997 0.09327272727272724
2 0.3662109375 0.46339669421487606 0.01813476562500005 0.06257024793388433
2 0.4220166015625 0.433297520661157 0.02790039062500005 0.04486776859504129
2 0.5144384765625 0.4380165289256198 0.027202148437500018 0.061396694214876
2 0.616279296875 0.451 0.02859863281250008 0.05195041322314041
2 0.67626953125 0.45809090909090905 0.03278320312499994 0.07792561983471072
2 0.7425341796875 0.46576033057851246 0.03139160156249998 0.0484049586776859
2 0.8199658203125 0.469305785123967 0.02859863281250008 0.08146280991735531
2 0.7735791015625 0.4149917355371901 0.03627441406249998 0.04840495867768595
2 0.894951171875 0.49586776859504134 0.03348144531250008 0.06375206611570257
2 0.9573779296875 0.49704958677685945 0.03696777343750002 0.07556198347107443
1 0.3145947265625 0.6493471074380166 0.029296875 0.07319834710743796
1 0.3853955078125 0.6629256198347108 0.0341796875 0.0743801652892562
1 0.4837451171875 0.6841818181818182 0.02999511718750003 0.09799173553719003
1 0.56396484375 0.6446280991735537 0.03278320312499994 0.11570247933884298
1 0.64453125 0.6369504132231405 0.03766601562499994 0.09090909090909091
1 0.7184716796875 0.6334132231404959 0.03487792968749992 0.1098016528925619
