2 0.0546875 0.4884297520661157 0.04052734375 0.09669421487603305
2 0.1455078125 0.4731404958677686 0.03857421875 0.09752066115702479
2 0.1083984375 0.3995867768595041 0.0380859375 0.06611570247933884
2 0.221435546875 0.44214876033057854 0.03955078125 0.09421487603305785
2 0.365966796875 0.46735537190082643 0.0185546875 0.0628099173553719
2 0.42138671875 0.43553719008264463 0.0283203125 0.045454545454545456
2 0.513916015625 0.43760330578512396 0.02783203125 0.06198347107438017
2 0.61572265625 0.44752066115702477 0.029296875 0.05289256198347107
2 0.67578125 0.45289256198347105 0.03369140625 0.07851239669421488
2 0.7421875 0.45867768595041325 0.03173828125 0.049586776859504134
2 0.819580078125 0.4599173553719008 0.029296875 0.08264462809917356
2 0.772705078125 0.40702479338842973 0.03662109375 0.049586776859504134
2 0.894775390625 0.484297520661157 0.0341796875 0.06446280991735537
2 0.957275390625 0.4834710743801653 0.03759765625 0.0768595041322314
1 0.316162109375 0.6549586776859504 0.0302734375 0.0743801652892562
1 0.38720703125 0.6661157024793388 0.03515625 0.07520661157024794
1 0.485595703125 0.6847107438016529 0.03076171875 0.09917355371900827
1 0.5654296875 0.6425619834710744 0.0341796875 0.11652892561983472
1 0.64599609375 0.6326446280991735 0.03857421875 0.09173553719008265
1 0.7197265625 0.6268595041322315 0.0361328125 0.11074380165289256
