0 0.91796875 0.6136180499597099 0.0576171875 0.09669621273166801
0 0.8388671875 0.5753424657534246 0.0556640625 0.0958904109589041
0 0.76220703125 0.5640612409347301 0.01904296875 0.0692989524576954
1 0.734619140625 0.5419016921837227 0.03125 0.08058017727639001
1 0.68310546875 0.5370668815471394 0.03515625 0.09105560032232071
1 0.631103515625 0.5249798549556809 0.03564453125 0.10072522159548751
1 0.57373046875 0.48831587429492346 0.0205078125 0.05801772763900081
1 0.473876953125 0.45930701047542305 0.03564453125 0.0958904109589041
1 0.38623046875 0.4460112812248187 0.033203125 0.0821917808219178
1 0.24560546875 0.4339242546333602 0.02587890625 0.09105560032232071
1 0.128173828125 0.41659951651893634 0.02685546875 0.057211925866236905
0 0.32275390625 0.541095890410959 0.033203125 0.0821917808219178
