0 0.9236669921875 0.5042949234488316 0.050454101562499964 0.08460918614020951
0 0.8418798828125 0.4868412570507655 0.048012695312499964 0.08460918614020951
0 0.7649755859375 0.49556809024979853 0.013022460937500036 0.06714746172441574
1 0.7356787109375 0.48079774375503626 0.0244140625 0.07520547945205473
1 0.6844091796875 0.4895245769540693 0.027670898437500036 0.08460918614020951
1 0.6319189453125 0.490870265914585 0.02685546875 0.09535052377115223
1 0.5716943359375 0.4693795326349718 0.015463867187500036 0.05506043513295723
1 0.4703759765625 0.466696212731668 0.027670898437500036 0.08998388396454478
1 0.3824853515625 0.47609186140209514 0.026040039062499964 0.07655116841257051
1 0.2425146484375 0.5002659145850121 0.01790527343749998 0.08729250604351324
1 0.12491699218750002 0.5136986301369864 0.021972656250000014 0.052377115229653506
0 0.3287744140625 0.5862207896857373 0.026040039062499964 0.07655116841257051
