2 0.07083333333333333 0.8114035087719298 0.04722222222222222 0.10275689223057644
2 0.18368055555555557 0.7694235588972431 0.03888888888888889 0.08020050125313283
2 0.28541666666666665 0.731829573934837 0.04583333333333333 0.11779448621553884
2 0.38298611111111114 0.718671679197995 0.043055555555555555 0.12155388471177944
2 0.5034722222222222 0.7343358395989975 0.04236111111111111 0.04887218045112782
2 0.6583333333333333 0.6791979949874687 0.04097222222222222 0.10401002506265664
2 0.7829861111111112 0.6522556390977443 0.03333333333333333 0.07894736842105263
0 0.9368055555555556 0.6259398496240601 0.06111111111111111 0.12280701754385964
1 0.3315972222222222 0.649749373433584 0.03680555555555556 0.09147869674185463
1 0.40694444444444444 0.6146616541353384 0.020833333333333332 0.07017543859649122
1 0.8246527777777778 0.5614035087719298 0.03819444444444445 0.06641604010025062
