2 0.946875 0.7149122807017544 0.04097222222222222 0.09398496240601503
2 0.8322916666666667 0.6979949874686717 0.034027777777777775 0.07268170426065163
2 0.7284722222222222 0.6829573934837093 0.03888888888888889 0.11027568922305764
2 0.6309027777777778 0.6911027568922306 0.035416666666666666 0.11403508771929824
2 0.5125 0.7330827067669173 0.04027777777777778 0.040100250626566414
2 0.3548611111111111 0.7124060150375939 0.034722222222222224 0.09649122807017543
2 0.22951388888888888 0.7130325814536341 0.02847222222222222 0.07268170426065163
0 0.075 0.7211779448621554 0.05416666666666667 0.11152882205513784
1 0.6774305555555555 0.6115288220551378 0.03125 0.08521303258145363
1 0.6 0.593358395989975 0.016666666666666666 0.06641604010025062
1 0.18194444444444444 0.6322055137844611 0.034722222222222224 0.05889724310776942
