1 0.933349609375 0.4857142857142857 0.048828125 0.13992673992673993
1 0.8623046875 0.49157509157509155 0.03271484375 0.11135531135531136
1 0.8076171875 0.5069597069597069 0.03955078125 0.09597069597069598
1 0.723388671875 0.4509157509157509 0.0380859375 0.10695970695970695
1 0.68017578125 0.4717948717948718 0.03076171875 0.10183150183150183
1 0.684326171875 0.6516483516483517 0.0322265625 0.09523809523809523
1 0.634521484375 0.6047619047619047 0.03564453125 0.09963369963369964
1 0.465576171875 0.6399267399267399 0.0380859375 0.09816849816849817
1 0.404541015625 0.6490842490842491 0.0380859375 0.09597069597069598
1 0.181884765625 0.6010989010989011 0.02490234375 0.09304029304029304
